25,52
25,51
25,50
25,49
25,48
25,47
25,46
25,45
25,44
25,43
25,42
25,41
25,40
25,39
25,38
25,37
25,36
25,35
3,1
3,3
10,99
10,148
10,223
10,156
10,23
11,17
11,14
11,16
11,19
11,6
9,7
8,15
8,18
8,12
8,4
20,3
20,2
20,1
19,3
19,2
19,1
12,3
12,2
12,1
11,30
11,29
11,28
11,27
11,26
11,25
11,24
11,23
11,22
11,21
11,20
11,18
11,12
11,10
11,7
11,3
11,2
11,1
10,316
10,315
10,314
10,313
10,312
10,311
10,310
10,309
10,308
18,1
10,307
10,306
10,305
10,304
10,303
10,302
10,301
10,300
10,299
18,3
10,298
10,297
10,296
